183
441 17 8
15 140 68
441 381 17
441 220 20
322 364 56
441 242 48
266 131 37
21 51 63
150 75 19
10 249 95
186 65 80
196 441 25
429 15 21
484 493 59
177 182 67
441 328 12
233 34 59
462 377 90
135 480 59
433 17 43
421 386 27
441 217 68
417 8 3
412 441 14
39 454 60
500 245 23
464 118 92
398 411 8
5 149 42
76 321 80
115 379 38
436 268 75
207 390 75
456 422 23
323 277 7
315 201 4
168 455 98
441 68 96
236 286 57
388 344 19
317 73 99
370 112 58
481 133 70
299 449 26
354 147 35
295 250 56
168 37 75
82 441 79
83 441 46
359 291 11
164 118 69
307 330 2
44 373 78
474 234 35
401 8 100
104 412 14
482 232 86
34 377 81
91 325 29
441 105 20
424 439 12
13 43 77
131 35 57
326 19 83
116 395 85
441 60 100
248 441 54
199 38 5
326 206 64
174 259 29
124 112 10
267 157 81
391 104 82
240 52 20
173 420 77
494 464 28
152 204 69
191 126 13
187 173 71
220 330 21
441 236 47
441 101 53
188 168 94
225 386 25
102 207 87
150 441 19
14 118 78
154 90 88
165 125 99
329 147 21
352 248 26
171 427 25
441 484 31
42 75 41
199 211 84
441 327 4
285 91 83
56 455 56
441 363 83
281 438 20
228 266 97
22 441 70
397 451 67
413 191 63
454 491 77
441 86 70
95 492 82
355 74 12
146 108 71
441 226 36
242 82 89
5 441 14
437 73 88
439 15 72
485 456 66
494 463 93
152 452 57
419 267 47
306 385 88
199 441 14
244 83 60
59 441 13
257 302 29
166 470 56
473 285 69
349 476 44
94 134 46
135 58 25
65 357 65
368 357 49
220 319 45
413 225 59
180 96 76
433 24 61
295 304 35
441 278 75
48 164 39
381 365 33
19 293 1
131 165 3
282 263 83
176 252 37
467 396 84
441 94 35
374 480 26
264 396 97
418 277 32
406 45 81
35 327 91
441 228 93
45 13 20
121 91 77
199 1 2
210 285 53
74 332 9
441 4 49
424 398 53
55 69 19
154 461 16
441 20 56
359 285 32
441 27 84
188 333 28
393 82 11
169 182 26
383 428 30
307 332 2
354 328 27
272 9 15
410 169 48
308 117 55
402 21 24
353 297 80
442 492 59
120 487 16
269 440 34
239 194 66
117 34 20
239 208 45
367 95 60
74 134 82
61 276 9
318 412 24
441
377
150
186
61
462
480
368
315
187
468
285
428
476
14
275
7
338
209
308
191
429
251
349
12
212
213
193
13
241
378
271
106
389
460
491
346
500
107
300
360
97
9
25
323
301
137
106
448
324
151
293
358
256
367
65
350
479
132
402
473
171
62
375
135
65
137
494
351
47
207
206
244
113
446
7
355
158
414
160
421
402
315
244
373
299
489
424
338
251
281
390
5
63
5
447
276
224
240
392
59
206
284
215
116
190
165
179
406
138
490
201
156
96
477
380
294
144
345
266
210
142
346
186
395
138
3
453
159
80
242
477
160
407
268
492
446
299
451
1
370
378
38
182
188
440
286
62
248
435
337
79
186
483
262
71
262
440
38
288
365
68
231
178
238
169
300
302
227
84
282
189
351
358
189
393
169
43
294
119
272
194
339
248
271
69
161
386
146
193
464
365
287
151
500
0
413
402
226
57
396
96
363
252
275
352
484
113
475
122
276
226
470
31
310
290
297
335
132
177
445
373
101
338
431
112
220
273
291
167
29
144
223
67
155
384
128
469
154
49
488
66
158
357
423
339
103
150
95
219
390
62
463
114
315
59
300
56
433
457
288
57
341
366
224
165
440
407
263
207
462
275
32
225
319
459
382
484
368
226
354
94
268
141
104
407
243
34
162
129
249
343
465
160
483
475
342
470
437
445
329
261
128
422
150
321
190
266
142
87
15
372
170
340
240
363
326
139
41
89
74
155
468
357
485
485
359
66
383
220
164
94
322
470
223
104
351
129
188
181
100
469
78
384
173
96
369
92
189
229
82
210
291
238
39
308
276
423
463
235
35
343
465
150
483
146
476
411
421
274
176
361
318
153
279
106
476
470
255
