358
196 359 49
279 213 29
122 330 96
146 211 20
224 96 45
74 162 2
62 255 33
496 6 89
464 6 65
261 123 42
209 91 92
496 444 68
24 129 80
116 216 47
166 37 50
440 101 91
180 381 55
194 59 85
92 265 16
290 157 89
319 448 73
7 234 76
382 258 48
271 353 13
16 489 96
111 419 31
70 392 18
466 487 29
468 210 81
350 427 52
402 470 29
480 234 84
412 16 71
494 221 19
203 458 3
411 167 51
333 139 13
25 405 90
391 24 81
143 393 18
311 141 91
341 323 99
462 433 13
147 493 42
275 25 12
37 425 27
195 413 97
16 492 40
119 103 31
16 2 81
230 176 98
431 339 14
342 16 79
9 338 97
452 16 61
232 223 66
367 102 49
96 293 56
401 453 34
322 377 81
460 418 93
367 177 87
183 3 99
209 134 79
174 231 23
43 272 48
255 452 36
115 429 31
401 50 36
219 147 55
325 249 41
274 121 86
465 149 6
162 16 47
284 455 93
97 280 47
14 107 22
285 403 96
398 270 69
349 164 72
396 342 73
23 468 6
244 429 78
178 16 48
192 16 98
246 379 23
271 83 32
337 314 82
161 98 22
219 385 84
344 186 32
227 324 55
107 217 86
412 190 8
413 180 25
358 395 45
436 16 26
77 16 71
94 476 30
355 95 17
141 124 44
462 77 57
450 118 17
16 195 50
16 397 53
216 430 43
56 482 2
88 390 53
479 441 95
335 51 26
412 294 79
182 202 32
16 11 51
255 342 73
85 73 42
359 271 42
447 74 83
191 16 66
123 284 13
395 156 30
95 308 83
147 399 5
436 184 100
490 393 45
330 263 34
87 168 40
154 449 4
68 98 54
498 271 83
16 205 57
108 238 70
230 444 30
120 478 96
16 157 31
473 324 69
83 249 61
481 274 33
114 138 87
356 312 97
135 132 8
457 329 73
128 225 95
16 217 75
337 249 93
396 126 70
323 336 16
154 162 76
360 432 63
95 38 75
376 457 86
89 77 62
324 467 21
281 114 16
439 217 20
383 317 53
16 264 30
16 15 30
284 165 57
326 422 78
162 147 83
294 16 10
16 50 91
226 16 23
66 116 52
463 7 20
31 74 27
493 439 51
191 7 16
18 240 1
388 400 20
352 41 75
87 63 59
302 205 97
240 449 81
412 471 92
363 49 65
365 16 92
16 405 46
357 261 32
84 16 18
55 495 29
388 98 41
496 144 32
53 124 68
146 9 65
199 360 3
38 16 92
325 155 5
383 178 94
109 93 53
235 192 64
16 131 6
500 33 9
405 89 68
454 54 7
139 16 56
16 213 71
304 472 39
242 316 3
345 40 99
12 100 58
217 91 44
304 494 52
13 491 95
404 116 95
442 201 52
201 77 41
223 322 69
45 375 100
374 113 14
284 86 21
65 328 40
69 448 69
315 393 19
419 427 12
371 446 34
494 87 38
44 50 66
200 0 70
311 16 88
91 16 2
448 76 44
16 356 55
213 314 30
128 331 19
388 359 7
262 485 100
16 371 15
60 395 85
453 107 38
321 7 45
452 46 68
16 336 21
229 16 66
52 392 71
16 287 14
16 6 20
355 36 93
261 483 65
112 16 95
279 330 49
166 286 100
266 437 24
307 73 13
240 169 78
102 478 57
435 132 22
224 155 22
91 296 70
443 204 8
293 453 80
444 245 34
69 253 68
276 174 25
16 41 34
435 256 78
342 321 73
471 16 42
325 174 10
362 147 76
89 135 34
356 16 9
253 109 41
208 473 39
249 480 75
377 355 67
16 366 90
186 164 1
298 436 65
49 111 83
8 44 64
403 4 66
402 95 47
431 458 12
458 299 100
16 343 86
270 82 24
152 97 82
65 154 54
22 58 75
217 29 75
187 16 61
380 276 90
184 5 17
28 16 59
152 78 19
236 283 11
79 185 87
66 124 99
401 278 65
16 456 81
93 179 41
54 66 12
44 442 38
468 306 96
145 356 69
202 31 14
122 332 87
381 458 44
16 1 77
16 450 81
197 449 15
335 261 44
268 124 63
55 483 12
16 95 69
429 299 32
135 16 46
383 299 22
182 478 49
492 182 79
2 272 26
218 402 15
102 69 13
16 268 59
363 117 53
25 22 69
316 380 77
390 477 66
462 133 62
16 32 70
361 16 91
342 377 42
424 20 35
387 187 21
233 52 21
337 347 4
422 289 13
478 391 56
322 184 43
346 16 8
260 446 43
461 87 34
149 112 16
296 365 86
310 421 4
91 223 89
16 330 48
31 33 39
394 190 14
340 72 43
241 232 68
135 448 29
214 84 67
171 178 26
152 442 78
179 364 8
16 65 94
278 121 1
427 442 9
51 322 33
59 46 31
446 16 47
16 135 38
27 262 64
398 496 68
487 55 51
262 233 27
16
175
94
178
343
339
305
159
337
95
417
500
372
165
116
386
440
296
341
393
142
300
77
499
30
225
69
412
27
191
0
189
32
117
454
82
48
134
479
430
346
200
447
290
440
112
455
432
459
146
243
144
190
335
221
147
10
69
66
206
82
186
21
407
281
212
144
367
474
268
353
485
23
106
72
95
375
28
293
190
471
381
209
412
312
310
328
188
124
378
249
486
140
142
424
171
359
169
30
457
390
212
456
409
121
218
130
496
340
105
467
482
147
339
498
259
487
19
194
253
99
359
325
288
103
494
385
477
21
51
99
284
206
173
366
85
305
474
258
214
323
134
217
68
403
184
94
93
362
131
8
445
186
497
248
30
483
381
132
163
365
336
131
439
159
41
42
14
309
26
431
9
346
69
146
371
311
