134
324 338 9
231 81 98
141 350 59
478 408 65
61 418 97
38 180 76
336 189 43
252 365 87
429 447 21
256 46 47
361 241 95
256 161 8
112 201 81
359 60 30
252 164 93
433 232 36
238 374 22
266 137 48
393 481 20
116 421 11
374 222 25
416 389 48
3 256 86
256 152 27
150 290 68
497 295 45
292 256 14
406 256 84
78 350 9
187 139 88
352 148 100
29 202 55
245 433 59
324 364 77
122 353 54
50 160 64
256 319 95
286 391 61
82 354 1
94 191 52
154 161 2
172 177 72
256 398 1
275 369 76
93 256 26
280 33 51
490 405 58
301 421 46
483 498 33
256 406 72
326 217 86
231 457 60
256 79 61
193 12 87
85 299 57
387 289 25
379 74 66
374 395 53
256 395 33
232 165 50
101 189 94
252 376 83
286 145 54
222 150 7
188 33 93
441 61 19
415 203 36
122 384 23
256 250 13
356 395 57
412 417 39
317 285 60
80 368 96
256 378 3
12 392 25
283 449 53
249 192 35
358 256 13
278 130 27
72 226 100
256 232 76
267 284 52
46 436 50
499 391 77
404 469 71
166 133 83
252 92 91
87 281 25
256 350 59
280 4 91
273 264 72
343 313 26
141 464 44
286 128 95
353 59 96
399 354 21
177 256 43
376 488 71
321 364 73
227 33 60
359 385 73
267 256 8
295 329 74
106 256 35
65 30 45
273 196 91
375 95 14
474 218 93
232 439 7
323 474 4
182 170 25
256 492 49
65 172 37
21 393 18
199 452 98
480 411 16
51 327 64
184 409 100
469 256 77
245 308 8
320 29 67
256 162 100
327 52 65
391 256 78
402 7 46
256 400 63
179 79 18
256 266 34
256 249 99
141 421 20
105 271 1
390 96 54
185 495 41
84 203 26
256
386
488
287
7
186
500
16
491
100
69
205
170
275
172
236
216
443
413
241
34
69
128
274
129
371
111
135
164
322
357
233
118
490
130
417
311
21
343
412
155
58
55
95
302
323
201
13
388
364
52
19
51
320
451
86
95
492
119
453
85
317
5
195
211
167
188
52
221
400
362
130
396
102
139
356
120
332
129
449
227
306
267
228
163
284
171
116
469
255
292
500
107
69
174
86
89
355
331
107
241
382
351
371
26
121
381
83
61
473
296
435
167
166
220
445
260
444
178
72
7
138
255
405
86
25
286
356
134
155
233
28
159
183
48
334
294
231
152
366
16
107
131
303
334
200
202
305
382
418
452
52
126
49
409
299
214
86
373
351
201
401
9
195
107
400
486
259
112
124
463
342
452
218
33
411
149
253
111
414
407
36
182
323
342
99
406
101
77
97
74
130
457
49
486
95
274
69
227
404
29
315
398
216
338
496
133
21
54
0
338
455
387
196
48
351
130
273
412
192
380
26
459
310
193
476
172
400
280
206
255
51
4
293
220
174
450
220
129
228
348
84
247
76
497
27
255
488
186
295
450
173
379
209
430
283
240
332
334
272
273
333
200
340
410
383
158
68
312
297
433
312
377
111
363
433
384
61
109
128
424
110
299
258
375
193
423
489
244
409
203
150
19
216
407
211
101
455
341
158
346
406
468
431
333
148
363
326
159
346
178
322
5
46
95
146
271
410
309
469
303
318
112
471
42
310
397
343
125
214
151
88
149
340
314
455
438
76
200
475
88
60
353
121
444
161
41
151
287
44
380
461
241
172
327
190
470
494
395
377
258
111
203
147
489
312
328
228
423
402
52
308
280
140
157
255
438
156
34
395
6
25
113
233
438
406
166
90
