414
401 31 84
263 439 27
399 280 73
88 29 37
226 452 31
215 466 91
432 24 12
139 146 12
427 499 26
226 106 59
375 256 21
154 72 4
320 135 23
263 25 82
35 430 75
30 67 49
130 366 50
303 160 78
88 388 92
277 263 92
106 180 13
365 439 51
263 12 21
307 225 41
168 236 23
271 235 29
297 256 97
32 65 29
217 398 13
105 499 42
474 304 78
495 263 33
35 456 57
416 94 32
233 484 70
128 263 38
42 219 57
375 164 100
449 309 74
411 464 26
314 440 57
381 271 51
448 464 33
145 353 76
152 34 37
416 34 2
230 268 35
56 263 62
191 263 57
99 299 38
230 27 20
432 263 64
314 453 88
310 413 21
165 263 23
282 229 19
355 112 84
92 263 97
41 54 17
484 215 71
103 64 90
415 335 63
131 304 42
472 216 3
47 241 54
152 169 91
274 430 50
175 227 46
263 441 71
9 74 65
266 139 46
96 66 81
327 164 15
443 85 42
96 250 28
378 170 61
52 43 34
263 42 52
380 337 43
96 66 65
282 189 27
275 418 55
226 466 78
263 281 75
263 224 22
432 434 63
33 350 87
354 495 17
182 37 36
146 263 29
263 63 56
331 191 2
208 165 76
486 32 1
94 466 25
239 143 13
182 228 33
263 316 64
489 251 93
321 287 24
44 368 89
213 261 66
477 197 25
273 198 98
60 263 57
13 266 16
296 106 66
393 210 5
41 265 37
200 483 48
401 161 97
178 452 15
170 31 3
280 160 86
381 248 7
256 219 75
479 12 51
215 493 91
263 365 10
268 455 54
479 463 9
143 347 45
318 283 10
239 296 85
343 244 1
241 333 21
263 65 67
113 95 54
232 218 2
263 380 90
412 4 52
465 208 94
28 182 100
169 199 31
420 131 82
173 251 44
431 263 80
471 316 47
136 368 95
98 263 76
263 382 13
246 74 14
222 437 50
88 263 24
274 264 14
493 265 90
423 295 86
7 151 62
90 263 76
81 217 43
496 188 92
425 337 41
12 450 94
441 81 6
463 88 50
475 374 5
263 403 44
171 270 81
385 182 34
124 347 13
296 263 21
425 296 31
23 342 26
120 165 51
87 95 42
263 289 40
138 274 39
95 382 27
214 453 71
234 79 11
72 479 98
363 233 66
435 189 61
288 354 25
12 137 26
326 398 76
104 445 20
348 416 35
447 282 73
370 263 87
330 366 91
145 30 96
404 24 7
348 58 59
322 433 92
39 263 49
113 193 53
271 138 40
391 29 92
313 438 100
263 144 3
17 38 35
395 109 36
263 273 59
347 389 33
41 474 28
302 129 43
346 159 7
168 269 62
234 474 92
228 125 30
62 339 75
263 351 45
340 113 63
300 116 72
364 447 39
59 263 80
34 399 97
168 98 2
263 202 6
455 137 95
95 178 51
449 223 41
11 280 73
78 232 7
25 467 49
61 113 36
160 38 3
8 207 54
166 176 81
247 410 36
79 172 38
442 191 35
169 474 8
126 302 42
372 242 15
317 165 75
255 67 75
469 425 41
182 419 69
143 90 34
263 127 31
116 25 45
214 263 14
184 398 92
324 263 63
69 97 24
188 199 17
236 73 63
263 121 7
263 297 36
325 343 64
232 153 61
238 224 2
483 79 99
338 99 72
75 6 14
356 73 91
424 224 3
479 263 94
221 263 45
66 341 61
97 446 13
46 291 39
490 263 20
340 341 96
271 33 58
369 338 78
138 314 25
97 164 11
306 263 69
437 87 42
175 371 2
358 242 89
347 171 39
422 492 90
263 213 10
122 263 56
263 166 94
54 479 14
271 152 10
211 337 7
49 119 86
192 263 79
69 18 24
436 302 68
265 263 14
141 263 13
258 144 55
94 87 71
109 322 59
192 289 60
151 249 76
41 405 18
439 263 40
400 326 83
304 263 52
109 4 90
392 41 99
159 254 1
63 154 20
176 153 93
467 443 3
362 310 65
263 106 85
158 263 63
267 336 2
239 218 43
180 401 71
416 287 67
436 10 95
278 352 10
496 270 72
397 111 84
54 481 15
263 390 54
15 114 40
109 477 61
488 205 77
263 288 68
274 336 37
263 5 76
146 278 74
177 263 2
263 215 92
352 30 43
117 447 68
411 223 92
317 8 9
444 329 91
263 439 49
274 94 59
320 166 80
397 346 82
308 285 77
27 190 66
153 22 13
457 273 76
456 53 94
212 428 91
400 32 45
428 397 88
107 263 89
239 222 1
468 292 82
24 415 9
335 46 16
213 348 86
121 382 94
150 263 56
497 79 56
378 13 63
484 228 10
263 51 71
297 221 3
496 181 82
18 23 28
42 319 11
326 374 82
394 263 77
187 452 89
484 276 100
239 223 3
278 216 89
403 332 6
304 52 53
48 21 38
48 493 50
308 105 80
68 24 59
82 291 37
422 176 9
122 292 74
94 278 66
263 138 25
492 138 2
111 213 90
36 342 84
235 450 40
91 263 4
299 263 78
11 89 98
274 406 21
103 129 93
186 287 72
69 257 41
225 265 9
425 385 50
263 213 99
284 148 19
204 304 24
196 263 93
383 455 66
263 280 24
274 107 65
118 371 41
312 263 55
263 161 99
83 175 43
7 255 61
363 172 96
176 419 79
329 50 4
5 321 69
169 106 17
385 192 48
486 263 43
92 479 30
263 220 37
486 263 58
371 394 51
270 186 2
19 206 67
33 123 99
265 231 83
154 223 22
269 20 92
41 205 13
171 7 56
224 136 1
108 157 68
104 141 46
381 106 22
45 403 56
263
372
212
356
382
103
159
254
422
82
230
125
402
258
206
46
148
476
247
251
158
252
497
292
283
161
141
480
166
476
257
428
371
390
35
110
78
222
323
151
167
255
247
216
212
420
481
455
37
36
243
57
434
181
283
320
158
438
476
94
100
200
428
484
100
304
127
429
249
273
130
451
121
251
333
82
65
39
56
146
4
198
157
252
302
108
45
87
161
389
489
280
381
53
421
444
76
116
70
318
3
196
130
298
385
365
304
332
396
45
159
369
349
152
289
260
348
289
425
71
198
440
14
412
443
436
114
121
331
109
58
422
477
470
185
455
251
91
350
286
326
341
474
377
65
174
165
4
405
368
465
221
214
446
243
32
48
163
298
230
253
465
225
45
159
500
276
162
82
318
403
93
413
394
110
253
486
381
252
183
365
259
276
135
92
482
338
318
332
215
338
110
479
158
148
162
407
307
0
4
91
13
93
14
460
132
105
71
440
216
472
269
221
104
215
115
402
238
482
430
151
268
108
27
159
384
281
130
67
372
304
47
421
314
6
251
84
141
13
81
374
156
56
318
134
442
165
489
27
79
141
158
355
427
7
290
186
473
402
227
195
258
419
71
140
190
410
374
439
320
184
293
194
323
103
412
475
387
16
232
365
178
352
29
200
108
456
175
265
317
244
37
64
30
425
457
483
272
101
283
223
235
248
123
279
434
436
4
265
83
129
174
229
438
231
65
58
489
455
258
241
167
492
107
376
239
173
144
213
213
128
493
99
404
30
370
363
250
156
98
306
290
308
416
409
275
114
253
309
174
148
291
144
361
229
475
248
280
409
118
49
392
301
148
42
246
80
391
169
371
311
129
71
203
