308
142 439 21
377 432 71
69 312 80
191 326 71
36 401 10
487 227 3
194 448 69
145 287 87
235 365 86
377 6 39
403 297 10
366 171 98
13 148 33
37 123 8
313 145 42
154 145 73
145 415 95
377 356 5
219 301 27
395 292 36
412 145 84
50 145 100
377 470 71
491 455 47
76 406 6
133 86 32
352 167 23
288 393 78
402 452 31
36 145 34
182 145 96
203 84 28
438 103 92
492 142 70
257 394 9
145 377 89
183 301 87
114 161 64
220 145 94
60 25 45
294 319 60
322 248 96
432 283 51
476 145 32
78 368 100
444 81 98
188 487 41
167 241 17
109 371 87
434 145 50
195 50 4
470 145 33
304 452 7
77 228 72
190 461 96
465 415 22
196 221 87
292 477 2
293 354 77
86 101 64
127 390 42
369 250 22
476 417 81
384 210 100
403 254 52
318 492 61
91 82 69
187 263 17
283 445 70
85 228 95
246 98 32
259 35 49
55 131 64
464 352 20
65 145 38
78 211 27
208 402 17
351 44 32
99 56 82
366 246 39
145 324 9
289 341 7
487 278 25
41 465 85
145 158 95
430 15 84
443 205 13
257 411 94
65 295 47
406 19 73
83 60 33
170 104 82
455 415 63
356 465 43
394 279 60
99 273 66
145 251 55
122 310 68
145 64 9
431 143 41
145 363 20
341 291 62
437 398 49
276 145 41
497 375 35
11 393 99
341 257 48
477 145 82
446 416 9
261 480 62
333 119 91
404 85 82
287 401 57
334 175 5
267 325 96
177 214 43
360 17 43
145 410 75
152 387 66
327 237 98
80 145 45
170 283 51
374 192 63
198 312 42
121 274 12
280 249 92
192 118 1
128 219 47
385 126 27
145 438 59
145 461 54
229 384 53
135 29 83
11 332 32
392 253 65
3 226 51
44 147 50
29 404 10
204 335 76
197 94 50
142 46 48
145 417 76
255 145 17
81 475 83
218 120 14
101 397 72
97 162 30
145 468 18
113 346 3
145 3 26
470 145 100
305 91 32
334 87 86
422 43 51
408 206 52
339 486 78
145 30 17
227 105 35
433 281 77
145 291 45
140 60 18
200 438 52
350 180 53
84 268 92
145 197 97
19 90 51
469 346 78
127 412 84
336 256 76
342 8 66
252 97 49
471 484 3
52 145 94
294 81 75
145 462 88
145 16 31
179 7 22
173 442 38
159 294 54
2 145 74
293 315 87
111 145 97
375 72 30
111 195 17
366 338 39
33 398 50
221 145 23
145 423 87
489 289 26
358 362 7
313 284 15
371 39 33
108 360 90
401 187 35
264 145 85
197 88 81
398 269 80
375 188 42
426 145 70
263 268 39
83 450 89
285 323 48
480 110 94
275 350 60
87 95 75
291 446 58
316 211 54
400 142 7
117 129 84
55 178 95
7 419 3
300 357 67
144 176 70
303 60 31
217 145 94
198 498 38
145 165 35
145 473 14
243 299 26
394 239 29
462 448 2
143 346 93
81 63 97
167 123 27
386 288 54
176 145 77
116 0 44
99 319 58
85 250 84
80 36 61
368 470 47
391 145 46
136 218 32
305 81 35
25 346 43
381 145 82
145 382 90
353 122 23
17 92 40
228 134 82
254 410 90
317 426 27
79 108 12
78 435 92
21 389 14
69 145 14
171 273 40
440 130 21
243 443 72
160 357 70
117 239 67
37 13 24
185 76 17
401 194 22
145 216 17
166 261 62
422 207 6
71 466 87
72 347 10
148 426 58
119 329 94
305 14 4
283 417 97
69 414 59
145 127 43
9 145 35
336 49 10
24 465 37
413 261 26
364 411 36
301 343 6
445 388 36
14 204 82
64 145 42
204 45 53
279 86 55
210 482 82
426 471 80
145 280 88
76 291 26
331 145 26
279 219 28
145 105 47
159 43 32
454 348 27
322 145 40
280 145 18
27 330 23
145 411 18
408 308 48
114 145 1
462 268 49
155 145 95
292 382 42
170 20 3
145 123 1
63 206 31
404 187 75
463 445 83
367 235 47
83 145 8
390 412 43
4 451 84
349 46 30
113 404 31
404 32 72
61 445 54
291 404 63
145
80
317
68
50
369
348
471
469
1
383
74
430
217
40
264
500
227
200
21
407
384
492
242
415
51
432
268
150
355
489
380
427
422
157
161
293
352
448
168
390
139
248
299
490
38
405
188
258
189
483
126
413
164
3
26
122
446
225
185
52
137
323
174
113
216
30
110
18
146
245
160
77
159
142
288
186
474
45
50
20
483
