152
31 141 79
388 419 13
73 408 49
500 31 47
162 120 91
68 143 30
497 92 95
136 444 85
387 420 21
141 271 7
31 193 9
297 170 36
367 170 40
497 31 18
122 238 2
438 248 66
31 330 31
101 159 55
150 457 61
22 394 39
23 469 24
97 450 63
5 130 43
186 384 4
101 31 44
124 370 22
149 114 59
416 436 54
182 183 44
210 394 89
395 418 100
478 139 26
472 79 79
105 390 18
442 240 41
96 456 96
459 382 65
128 206 20
333 350 41
53 31 84
402 367 51
472 479 47
131 320 70
25 32 31
208 255 57
173 31 26
90 290 52
462 173 22
450 259 47
252 189 40
292 268 71
498 378 84
500 47 15
8 301 96
436 212 33
126 31 20
317 118 97
30 29 78
443 326 90
31 187 24
137 89 49
242 212 72
67 31 59
258 105 38
102 376 67
124 368 25
452 57 82
275 31 92
497 297 69
31 236 10
455 372 1
432 142 56
447 28 38
271 236 38
390 339 68
113 143 22
345 31 6
202 396 12
31 108 88
30 1 74
405 336 1
239 51 66
88 141 8
481 228 44
413 274 76
403 287 8
395 21 17
44 247 62
140 60 68
31 495 59
287 313 79
133 225 77
14 31 90
272 249 90
5 451 83
470 380 41
494 123 42
313 89 69
304 125 64
334 164 19
310 31 1
440 380 62
390 268 20
497 386 91
149 297 53
219 66 82
389 296 60
475 230 12
381 153 72
83 380 90
399 31 36
314 437 27
343 380 52
355 65 72
466 31 60
31 465 32
399 307 51
31 147 83
483 146 19
44 31 11
31 406 75
137 281 77
313 275 69
245 59 28
390 38 78
242 309 53
464 56 60
496 326 26
376 143 70
315 72 7
64 0 64
337 341 7
31 333 84
239 414 38
370 177 100
181 351 58
357 177 9
31 14 23
217 289 48
239 326 71
116 180 84
313 56 44
348 378 83
194 480 88
250 31 33
251 195 95
41 206 84
9 434 15
255 338 3
321 21 31
243 145 69
31 8 81
31
123
0
165
77
114
366
59
359
34
485
21
396
393
438
441
261
484
299
377
56
362
394
8
266
364
224
493
193
207
44
311
128
311
109
20
59
182
78
183
90
342
346
466
182
388
273
19
97
262
45
46
87
312
375
430
71
487
207
236
315
191
100
455
93
234
356
325
467
445
199
33
305
462
206
46
432
77
277
327
85
500
226
139
183
302
341
141
302
353
156
180
216
356
388
335
237
59
407
86
366
417
462
25
146
306
368
134
288
477
342
148
431
256
167
430
81
423
200
391
172
209
178
359
421
