394
484 79 20
146 251 55
203 400 69
388 288 29
287 90 48
124 214 82
372 412 49
127 60 11
90 425 86
338 305 34
444 484 62
103 73 73
468 484 51
411 330 96
61 415 28
79 393 22
440 484 7
69 483 58
467 368 54
313 249 14
190 89 20
462 375 43
484 170 51
439 498 54
271 268 38
180 223 49
484 93 45
459 257 97
98 484 76
334 448 4
336 430 86
287 79 36
497 412 36
47 485 51
220 468 55
98 108 72
34 359 67
124 47 62
471 125 70
461 347 79
484 298 67
469 484 4
302 202 78
484 111 36
6 25 48
38 190 4
300 33 93
59 484 94
323 192 77
8 484 27
6 229 64
20 215 40
42 124 13
95 65 2
163 241 69
204 484 91
34 25 86
76 210 10
376 204 53
80 7 93
427 361 38
228 253 49
330 389 51
145 260 87
34 205 26
159 42 24
222 184 14
213 139 75
98 484 59
102 459 35
72 3 5
484 5 29
183 119 72
462 479 60
16 451 26
204 180 48
437 99 79
207 397 96
85 183 75
52 486 67
493 268 99
272 484 65
160 97 30
121 298 23
229 407 33
394 138 38
330 388 44
380 82 80
308 70 28
483 88 93
136 293 43
75 131 75
31 85 63
25 59 79
164 460 100
176 267 69
460 250 44
353 325 96
274 362 26
9 484 31
413 451 65
477 484 75
484 253 22
500 442 6
243 428 37
34 279 21
14 46 13
321 291 2
24 254 17
431 301 44
78 219 87
365 96 29
304 422 73
320 24 61
397 311 41
47 385 37
486 341 74
484 232 95
382 30 22
275 365 23
485 116 61
390 273 39
324 319 5
443 72 79
59 136 19
59 228 52
453 69 12
312 269 2
42 266 96
484 133 43
142 484 46
495 450 17
250 358 14
87 484 59
130 273 57
484 339 63
113 448 18
64 490 62
477 344 25
365 477 33
285 311 36
7 461 17
321 244 86
155 293 78
302 428 54
288 160 31
14 250 79
5 276 86
227 484 68
371 49 27
451 478 23
85 191 58
151 213 88
414 339 79
322 59 35
203 305 3
34 28 50
427 24 71
10 346 80
456 264 48
431 108 21
146 271 51
410 149 58
425 484 55
475 199 13
313 484 18
293 114 85
229 448 92
112 484 65
207 484 90
86 372 22
484 474 76
428 63 51
181 463 68
243 484 77
102 281 34
484 143 66
82 173 47
495 196 22
289 320 30
121 271 10
178 92 38
130 484 49
289 152 7
252 158 96
403 484 56
484 318 66
257 153 49
389 335 24
424 227 36
340 375 31
163 484 65
367 350 45
415 300 19
296 197 71
228 257 86
484 422 38
385 356 100
335 182 1
484 449 47
484 226 14
175 208 43
135 23 66
216 1 69
58 204 80
484 256 1
484 436 46
484 109 13
36 475 1
436 484 12
172 458 85
211 160 17
217 430 10
342 376 45
484 64 30
354 174 83
156 432 2
249 247 4
26 392 96
141 484 6
410 38 69
458 193 51
260 484 7
218 355 46
186 153 77
90 350 81
137 301 2
116 92 8
344 354 31
451 455 34
155 43 78
181 478 27
352 484 43
211 289 81
108 171 98
252 382 34
487 220 69
252 209 64
386 484 50
220 484 16
211 491 44
327 70 36
84 443 24
89 271 10
170 465 35
484 416 54
27 109 34
203 417 67
113 444 38
107 338 69
371 473 61
13 231 27
115 109 33
403 62 1
40 480 56
484 193 55
452 135 73
351 451 40
108 247 60
439 381 34
494 351 53
110 364 79
101 345 43
267 163 82
399 120 19
176 466 86
339 484 16
82 427 53
418 242 79
500 287 98
454 407 57
51 397 65
7 208 90
484 338 86
484 358 80
258 283 57
105 199 51
381 375 58
328 25 93
90 293 43
288 450 29
484 80 44
484 92 6
38 104 10
484 356 84
425 312 55
397 44 51
365 130 70
405 470 40
155 277 42
351 101 95
35 297 19
484 470 26
467 255 74
94 446 24
381 201 64
484 205 81
267 61 23
469 235 28
126 47 95
265 468 22
484 306 84
274 127 99
245 216 48
476 385 53
303 106 25
248 299 90
484 397 34
197 496 85
209 175 78
68 238 51
233 484 21
216 19 58
364 484 3
73 342 50
407 134 51
171 230 9
355 5 84
200 430 98
488 424 15
460 219 72
175 35 33
184 120 89
487 360 55
174 286 20
73 27 59
258 489 100
326 184 28
441 168 7
226 49 47
484 352 76
351 275 48
15 103 82
331 17 82
150 284 19
361 380 37
382 47 35
102 399 87
329 413 95
460 488 41
232 474 90
269 486 58
175 24 66
337 495 25
484 365 5
406 326 49
95 60 94
228 471 24
168 412 85
53 189 43
80 222 30
374 252 77
69 484 86
16 383 28
448 39 88
499 40 3
484 439 85
5 491 20
363 197 80
272 59 70
379 17 99
446 270 19
358 453 64
341 85 68
484 110 48
101 469 27
164 282 22
409 103 67
249 125 33
249 201 40
173 408 37
372 197 62
32 396 91
391 240 76
401 225 70
211 386 30
234 326 44
463 221 32
484 413 54
484 51 4
479 484 4
309 168 16
243 131 31
216 396 7
150 208 84
484 245 7
193 85 44
73 286 32
337 484 44
461 52 16
319 257 67
58 484 92
186 484 77
176 202 94
484
348
49
248
168
112
445
53
329
29
244
193
263
201
79
269
268
309
261
452
202
162
65
340
442
46
6
440
126
103
244
228
249
169
209
434
401
6
160
326
207
309
50
9
422
189
482
253
399
122
244
499
404
396
188
114
152
328
162
378
473
39
328
336
133
163
189
78
65
327
126
204
496
495
244
144
68
475
270
337
4
183
136
277
226
153
460
294
150
415
219
254
302
94
304
102
481
106
434
296
221
155
174
460
181
351
420
200
125
207
161
497
458
436
201
269
154
273
370
406
354
13
99
350
435
445
369
76
291
460
207
109
449
345
274
7
179
210
299
454
467
266
287
13
39
184
275
46
187
387
177
67
157
217
231
341
392
338
233
197
27
2
197
8
142
19
355
371
183
378
424
208
157
231
305
485
210
487
438
211
98
347
300
316
482
495
233
247
462
360
408
383
460
291
468
400
79
316
345
298
326
55
213
324
91
57
151
389
294
329
113
495
280
283
344
288
495
97
78
365
435
492
306
395
302
32
17
319
201
17
330
1
40
97
52
331
66
494
28
293
29
406
43
465
54
67
421
325
126
13
369
458
375
430
404
381
314
198
161
475
84
11
154
256
204
85
11
471
423
476
445
60
499
202
86
435
482
486
214
314
203
312
61
25
134
213
294
180
427
175
303
410
392
383
37
403
24
310
267
317
111
202
214
104
440
302
391
11
253
314
409
58
230
356
178
155
250
285
242
203
442
219
96
409
198
427
127
88
239
136
194
36
440
89
409
130
386
340
162
147
354
386
139
103
299
73
428
5
254
220
