228
217 374 63
326 159 78
293 160 41
59 383 48
304 413 2
146 125 17
365 351 58
421 103 89
68 410 81
22 361 84
468 374 59
36 459 73
375 444 68
158 170 76
197 353 43
321 385 25
91 281 62
381 46 22
250 398 78
162 171 22
63 249 100
314 134 43
163 378 94
2 215 18
377 241 89
353 250 92
374 269 41
321 366 72
167 368 54
96 374 48
94 238 1
196 374 19
196 253 89
20 6 60
444 448 78
415 82 27
117 163 13
406 422 84
2 301 50
178 440 39
137 124 94
120 440 84
121 67 100
321 113 56
31 374 55
401 45 36
372 149 54
194 349 1
374 133 95
211 455 71
125 201 78
208 261 62
461 390 39
232 334 8
374 335 69
460 374 26
169 393 73
374 202 27
222 416 1
37 440 89
172 151 92
124 384 41
326 75 96
119 197 60
151 374 25
261 412 24
225 61 45
199 168 56
312 397 7
265 467 32
118 453 49
374 345 27
270 456 51
210 26 32
437 454 70
476 191 30
412 58 69
258 373 52
246 121 57
33 155 5
408 437 6
15 34 15
174 452 57
86 79 20
400 433 19
169 109 46
64 280 43
23 209 97
372 460 74
432 81 8
374 100 89
444 374 35
3 262 9
115 103 45
464 285 100
196 179 33
374 277 17
94 151 28
408 49 43
300 340 47
192 127 20
308 374 70
482 337 51
220 142 39
87 158 43
298 76 85
358 374 55
232 49 18
228 94 94
374 22 19
158 156 75
210 432 62
224 59 4
21 130 38
206 315 51
175 169 99
288 438 64
336 142 32
7 19 28
86 224 62
352 374 2
320 69 99
492 374 47
351 225 30
337 400 61
187 115 69
374 9 77
374 331 60
119 444 2
268 80 66
201 441 2
455 193 55
85 406 84
26 374 98
374 174 71
398 374 28
431 404 90
26 99 19
374 497 85
396 14 3
272 374 14
112 249 71
79 500 37
197 143 37
16 374 33
265 353 5
39 230 32
3 407 57
132 219 97
205 374 56
248 408 39
155 70 47
371 286 21
374 364 55
374 20 29
473 33 74
226 206 70
451 497 42
196 467 87
385 188 64
29 323 46
219 289 72
96 374 17
250 148 19
240 343 91
60 290 70
318 201 22
262 281 23
229 445 49
50 374 49
494 163 3
271 38 13
178 227 32
26 374 82
181 32 84
444 398 27
108 423 9
290 465 56
251 145 1
429 146 81
21 139 87
104 350 61
140 361 96
427 26 90
318 51 57
18 47 35
359 232 65
476 162 56
271 139 43
150 127 34
217 373 41
400 175 10
323 187 10
451 374 45
467 264 86
485 374 92
264 7 63
153 7 21
291 327 8
303 218 1
250 139 45
118 197 28
376 165 84
354 168 60
15 367 64
149 270 49
154 117 78
255 453 82
387 454 24
400 282 51
105 137 8
2 339 92
31 423 83
497 464 35
485 178 44
343 379 57
27 442 12
490 273 87
8 75 49
80 14 90
374 93 6
314 320 12
347 414 91
253 105 100
322 102 30
22 31 34
87 109 26
324 104 4
374
322
344
191
422
282
90
46
94
121
380
132
206
236
22
1
167
163
222
275
251
386
282
439
146
469
434
325
234
98
113
186
490
206
98
258
483
184
105
102
276
205
241
189
6
316
224
114
67
485
486
218
258
33
235
184
307
113
242
112
162
491
285
421
241
154
396
299
124
127
83
83
357
33
137
93
334
384
185
204
299
344
103
329
54
451
166
4
65
303
140
70
459
187
311
338
320
186
161
31
282
292
412
26
99
471
366
26
158
227
173
322
215
105
41
179
234
364
381
390
102
146
3
63
69
270
479
352
86
363
417
239
453
430
137
258
206
209
424
81
111
278
394
319
319
365
286
358
5
321
4
21
451
417
239
107
46
316
395
302
422
401
409
491
318
250
387
366
368
21
214
434
463
349
378
285
185
231
90
384
111
211
349
360
13
492
27
380
447
48
7
214
480
440
66
158
383
75
455
197
236
471
154
45
204
65
387
77
419
59
353
478
46
373
356
324
93
450
63
63
305
258
354
426
438
436
309
436
278
200
175
488
328
482
352
209
225
393
256
157
353
219
341
136
424
151
253
386
424
385
488
86
111
190
407
189
157
177
476
333
313
495
176
133
123
285
86
91
269
126
479
492
106
139
145
446
413
219
464
332
80
184
412
388
465
82
85
275
125
181
339
271
477
53
33
19
402
267
69
422
155
81
123
262
480
100
170
490
447
272
168
47
233
69
133
420
297
235
226
424
14
19
492
221
