218
278 79 86
278 368 65
107 278 35
198 190 45
148 63 2
113 80 1
408 277 74
278 370 89
274 278 77
67 172 84
114 423 42
151 96 9
184 278 54
238 191 12
120 334 16
29 278 22
386 278 95
499 318 80
330 392 66
239 451 66
228 237 34
138 446 89
413 376 73
259 2 27
352 168 62
71 444 15
22 278 8
75 64 62
270 252 100
165 429 7
448 278 68
278 107 56
403 278 51
236 313 28
358 276 32
375 442 70
335 244 58
468 435 13
412 47 48
460 278 21
116 205 79
26 35 55
368 111 11
86 380 84
209 398 56
467 166 50
416 266 93
422 377 26
120 278 83
3 105 88
60 394 74
378 183 56
135 263 64
201 278 53
479 492 77
220 121 46
239 473 93
278 449 49
12 94 84
479 496 96
67 72 55
460 459 65
74 228 85
277 417 7
392 317 11
272 484 20
235 137 62
43 162 72
110 202 45
451 56 44
278 500 11
10 126 98
350 431 13
54 474 40
101 176 13
278 459 83
407 182 56
444 433 26
349 404 71
90 165 27
161 143 95
412 300 75
371 278 7
102 476 8
401 340 73
191 446 74
350 286 59
218 300 9
17 278 95
2 426 61
260 326 59
287 238 35
71 297 9
442 278 71
371 204 46
62 73 50
38 81 28
93 226 71
429 209 93
89 469 81
125 218 56
131 499 15
380 5 92
278 451 61
237 405 38
111 423 86
25 457 9
437 53 71
238 288 60
278 433 67
13 395 10
278 389 43
46 125 15
79 347 15
398 146 16
257 278 94
258 217 34
134 490 42
32 490 48
459 173 61
99 343 55
145 296 20
77 278 52
15 52 72
182 305 46
278 376 48
436 278 48
317 438 26
56 73 92
199 167 91
278 264 87
138 110 60
471 452 94
310 89 49
269 285 29
325 213 60
409 278 75
363 209 63
42 145 9
181 290 3
384 278 10
66 93 56
278 103 40
258 212 59
278 105 28
358 257 54
438 100 71
107 20 79
499 405 48
442 186 70
174 248 7
434 455 53
428 278 31
80 111 35
192 232 84
81 214 65
104 494 13
278 52 97
232 364 92
76 116 72
276 349 61
244 157 9
451 290 15
405 301 32
315 334 82
35 278 14
362 314 80
173 103 59
94 106 27
395 312 67
457 38 18
63 66 11
446 239 100
468 157 61
71 379 79
451 387 26
202 204 5
289 236 66
241 98 47
274 202 83
243 268 45
278 339 7
74 25 92
278 325 42
248 73 1
320 481 64
495 471 40
298 428 3
200 278 20
78 447 27
407 118 17
441 278 23
220 12 39
278 152 5
348 500 56
291 394 45
70 278 53
113 6 41
347 320 26
430 260 96
94 486 75
119 225 67
287 143 69
446 90 2
304 5 60
176 278 51
450 267 36
403 177 26
487 135 73
391 481 100
127 489 34
406 386 60
418 439 83
224 396 46
150 278 31
233 153 30
96 455 91
75 433 20
278
448
204
19
204
27
498
49
296
339
188
137
254
322
50
239
428
312
169
267
256
322
80
288
231
271
221
487
41
303
370
273
432
469
159
131
101
384
444
209
32
15
33
273
165
249
223
297
198
333
387
189
115
402
476
136
103
292
292
173
186
447
185
472
0
383
199
404
95
414
274
117
152
21
151
492
254
333
326
163
356
403
305
286
451
98
451
166
412
497
497
271
132
433
44
39
232
261
451
257
298
292
50
142
136
424
448
20
438
239
376
71
322
216
165
157
146
405
331
318
299
184
71
233
389
87
144
398
465
78
442
389
308
143
143
88
490
240
319
121
100
187
284
427
410
240
143
442
58
50
35
53
331
462
131
196
166
344
479
467
394
260
289
230
320
486
391
381
146
48
215
298
255
329
217
49
99
312
470
87
415
433
449
81
286
431
4
338
270
171
280
154
34
145
281
103
444
89
6
398
161
130
118
324
105
43
489
499
55
47
269
371
119
162
365
178
200
90
8
472
358
372
345
55
491
274
403
407
179
414
157
163
3
369
306
216
159
16
268
77
292
186
365
166
339
437
66
194
193
282
100
338
19
295
328
66
288
224
387
350
46
64
187
461
101
382
284
271
478
214
5
344
499
45
321
448
194
20
484
329
250
454
436
72
337
400
99
378
243
496
23
339
302
121
269
61
301
262
123
72
336
151
394
49
142
142
496
243
217
432
229
364
417
495
132
94
215
395
349
153
488
417
196
300
420
43
118
170
378
55
371
31
493
369
364
450
357
166
454
44
227
206
106
441
469
107
37
97
258
363
310
420
306
309
496
51
456
140
176
36
310
226
244
227
354
195
260
342
187
148
140
337
79
491
484
117
320
183
485
170
62
129
446
389
249
186
30
111
402
76
151
343
277
35
212
63
160
246
497
230
482
351
273
160
386
60
155
133
211
218
288
47
352
35
361
383
140
54
418
303
63
373
247
361
90
30
231
258
102
296
217
128
66
407
153
114
296
310
382
446
325
6
45
393
384
333
253
489
326
290
