333
261 10 90
375 80 28
442 212 67
384 333 79
80 386 89
80 483 87
192 358 12
241 316 28
364 57 51
197 348 99
450 181 55
227 478 32
355 390 31
426 379 36
396 63 75
207 350 51
433 254 68
438 327 77
278 40 90
80 212 31
80 6 28
176 17 96
369 108 72
149 224 52
334 222 54
347 272 59
442 290 80
20 499 38
207 100 21
80 358 56
80 181 22
409 492 95
80 486 16
80 440 51
461 80 86
265 328 69
401 80 29
75 47 5
241 279 21
28 147 45
80 214 10
347 334 100
80 469 47
189 80 59
430 365 56
258 494 77
423 60 90
384 195 8
380 80 49
70 359 33
66 491 14
80 109 59
154 209 14
254 135 75
227 85 41
32 432 78
199 334 61
261 113 43
57 241 14
439 80 65
328 80 52
95 322 80
396 279 45
258 32 80
218 80 82
280 65 24
130 45 53
380 189 95
79 176 6
468 12 79
196 56 33
342 208 43
187 469 83
419 310 55
80 83 79
273 295 99
66 163 96
40 273 22
291 188 12
40 354 33
304 467 50
315 26 59
447 121 15
66 367 40
276 468 11
208 57 90
273 37 74
207 446 67
69 47 26
378 43 56
298 465 12
80 312 27
453 300 63
379 38 92
80 463 92
139 80 58
80 255 44
261 227 97
51 249 80
343 304 87
255 308 7
429 80 99
436 80 91
404 225 39
421 432 65
75 417 65
357 268 99
122 487 13
435 391 36
124 32 92
4 54 43
214 196 58
235 472 92
491 80 58
125 69 18
194 391 40
342 407 41
15 33 81
354 216 82
414 14 17
80 147 94
217 318 11
367 209 80
324 57 80
80 302 52
80 328 49
325 135 19
226 489 51
168 424 81
140 210 51
307 254 33
379 134 10
401 476 3
378 21 21
393 80 3
80 478 67
323 80 71
323 80 62
413 80 32
274 80 100
106 235 40
396 80 42
361 80 1
80 298 84
219 80 78
233 380 8
118 464 13
80 252 57
477 244 18
205 474 69
318 402 89
52 161 6
80 256 1
289 80 5
242 370 44
80 399 31
193 80 34
482 59 92
80 265 94
218 188 17
80 323 8
80 149 63
145 26 96
132 280 82
85 247 14
187 492 7
466 258 95
130 78 5
235 80 17
283 371 93
493 451 53
10 368 25
249 80 62
328 235 15
38 51 33
352 203 30
36 331 21
164 203 73
188 170 93
80 393 4
405 216 97
331 424 90
155 275 37
308 414 95
3 242 40
476 47 17
346 453 59
88 489 20
302 393 83
153 106 58
443 151 93
75 80 98
75 415 22
461 443 59
312 94 94
77 346 19
180 48 32
386 265 95
261 41 98
153 311 89
359 246 81
386 80 90
186 368 63
80 435 47
144 133 84
73 416 41
482 80 53
110 80 84
412 492 93
280 80 12
232 391 53
428 54 64
445 111 79
251 75 81
429 19 63
76 245 71
380 299 50
406 407 78
417 44 17
419 80 78
188 250 14
378 454 98
228 404 66
396 235 32
180 489 99
477 80 58
143 42 64
429 246 77
2 118 14
72 312 61
264 308 97
274 342 97
176 80 46
158 217 90
287 315 46
412 370 98
80 286 27
74 92 32
127 180 53
489 196 23
452 469 73
198 80 6
18 322 37
243 399 2
29 213 19
254 147 43
248 102 56
361 130 86
80 262 80
241 12 38
334 80 76
9 491 30
408 215 66
95 163 94
410 224 64
339 170 92
214 220 82
429 388 23
56 110 43
336 131 24
383 80 48
119 80 4
80 126 94
403 80 36
320 28 65
170 416 65
238 66 76
123 143 9
440 384 34
104 150 37
421 292 25
80 298 47
51 80 81
80 37 56
76 80 5
460 190 79
32 322 44
80 337 25
150 179 51
298 138 69
177 61 46
399 292 1
486 23 22
60 433 67
302 238 14
71 267 90
80 47 71
236 83 99
263 208 66
100 334 74
0 63 14
245 430 74
86 213 93
113 80 70
216 93 76
497 306 33
80 193 74
220 80 26
71 211 2
97 128 99
386 464 63
171 214 38
77 230 9
18 340 5
490 342 75
412 435 44
84 292 69
135 80 14
94 234 73
297 464 18
347 78 68
167 478 74
358 335 46
430 304 15
276 303 39
331 2 23
500 197 92
104 80 91
337 465 99
41 157 32
48 487 95
173 427 85
408 284 70
156 293 17
324 328 12
80 38 5
198 348 95
152 296 50
267 445 89
478 354 57
333 220 79
80 17 71
80 161 71
80
189
227
462
476
437
56
317
375
105
275
39
15
336
30
489
136
32
283
395
300
474
252
114
377
245
293
46
361
357
204
449
343
307
94
263
363
195
312
474
180
384
92
120
115
397
424
210
352
173
285
359
6
342
27
415
178
116
265
227
217
227
135
0
41
212
5
164
255
146
473
451
324
371
87
229
112
91
425
234
206
81
204
438
186
370
74
308
314
233
21
130
98
336
83
238
161
147
61
263
151
125
374
439
149
294
19
239
323
322
391
362
51
15
84
12
46
192
332
20
374
426
314
144
133
173
164
351
124
313
334
43
10
419
101
57
371
436
243
265
125
190
362
2
44
456
5
216
174
478
290
338
478
311
346
20
361
28
23
161
161
125
224
169
432
451
302
61
183
268
323
294
258
66
2
487
53
114
214
362
229
197
259
425
313
346
360
147
108
366
425
