389
347 123 28
341 122 37
222 283 91
316 123 26
25 380 42
374 137 51
23 348 25
109 436 39
262 319 1
316 159 23
76 299 52
234 40 25
365 294 7
64 224 27
403 252 47
6 252 42
102 270 99
271 118 57
154 5 46
437 320 8
452 233 38
254 261 92
281 252 49
367 252 93
303 373 16
167 467 37
266 252 86
78 113 95
82 153 41
169 369 89
252 425 69
316 414 1
71 132 30
235 152 95
252 110 65
426 465 18
262 190 54
240 443 26
17 167 19
387 195 36
330 252 47
420 57 84
80 392 81
389 276 32
105 188 58
74 494 15
358 84 7
79 456 89
244 145 1
83 216 47
252 385 24
478 484 69
445 53 60
53 2 32
309 293 19
401 252 85
8 252 3
443 247 82
163 124 85
221 441 68
252 263 67
470 481 77
252 237 59
252 448 95
395 51 95
70 96 55
252 58 11
453 384 62
488 364 81
412 134 34
173 352 77
406 370 21
252 289 19
466 92 18
305 131 32
124 352 8
233 92 94
372 500 19
471 84 44
356 367 91
289 146 87
293 441 67
32 242 6
192 41 29
206 460 73
453 166 15
421 252 34
0 252 85
25 191 55
209 265 97
256 295 100
33 243 2
423 379 27
40 44 91
312 41 98
255 317 56
155 313 67
497 356 16
394 356 70
470 388 29
37 359 47
344 65 85
34 348 13
252 470 48
166 299 38
221 297 83
134 439 28
236 94 34
252 363 67
374 285 75
89 320 44
141 154 98
109 62 17
179 357 30
350 372 51
208 269 10
252 134 96
470 42 95
252 290 1
317 235 37
35 475 27
74 187 88
306 35 13
300 360 28
118 476 83
303 281 73
262 272 24
404 360 33
199 252 94
268 467 73
406 369 21
172 252 96
82 425 92
420 252 50
490 252 35
45 234 37
249 252 99
3 125 23
148 297 69
243 331 24
438 490 3
497 19 76
238 252 85
396 435 92
194 161 49
53 64 5
341 316 92
103 252 24
446 176 28
381 464 25
440 252 7
133 490 89
32 128 18
355 293 70
365 343 38
364 170 66
284 252 75
227 489 46
293 417 39
276 245 15
361 386 76
79 113 21
240 170 72
364 447 31
70 203 96
476 382 12
295 184 1
362 193 17
68 487 43
187 108 67
484 360 73
194 252 46
485 494 18
225 216 61
316 429 47
200 319 8
242 375 94
88 431 77
427 413 24
446 214 83
450 125 78
252 328 59
494 91 93
447 497 54
332 422 32
183 221 17
196 472 29
333 138 37
84 252 60
242 252 17
303 300 71
252 413 81
103 160 73
348 252 49
376 173 42
197 49 54
254 222 82
81 218 50
160 202 75
59 315 26
318 468 58
178 226 8
226 355 51
87 169 87
453 368 33
361 31 70
324 375 71
252 145 55
287 252 30
252 43 34
443 252 80
233 346 58
453 208 46
18 137 22
260 34 58
388 428 65
217 130 46
230 113 93
498 373 39
487 81 26
9 167 86
10 252 31
334 406 44
437 73 99
358 28 82
484 252 53
23 492 79
209 38 41
380 13 58
205 144 92
29 247 47
181 138 51
203 252 75
105 258 6
155 252 33
196 464 54
260 207 5
130 416 56
460 138 94
297 204 52
207 360 8
115 60 91
196 126 98
462 252 81
401 344 49
121 360 20
324 339 87
92 166 22
53 22 24
140 378 2
209 170 95
377 252 71
95 416 99
48 237 24
76 210 40
195 143 32
331 234 48
203 228 95
175 45 33
195 324 62
125 236 17
406 324 73
38 212 91
252 313 17
207 12 93
403 420 2
478 142 35
179 275 15
412 145 84
252 164 92
184 360 48
451 251 22
116 377 60
166 297 34
464 88 86
133 252 25
257 180 14
252 153 96
77 444 76
251 252 70
252 242 10
290 4 31
157 380 64
491 220 55
292 252 82
6 453 45
395 464 24
157 120 84
416 66 46
195 205 57
79 252 95
294 252 13
405 119 47
24 241 89
252 117 57
93 154 79
48 196 41
43 229 96
78 252 19
421 162 94
417 242 53
28 252 45
15 100 15
24 88 66
225 202 77
372 26 57
494 72 50
258 421 76
451 252 71
453 175 64
254 1 69
83 449 14
251 264 33
252 403 40
74 226 98
172 268 67
397 18 10
383 252 42
226 40 17
252 173 67
279 23 7
252 457 84
252 485 19
422 252 72
434 245 74
108 280 31
153 330 61
268 387 24
183 29 32
388 394 12
159 252 41
490 18 38
384 211 84
184 344 86
402 272 83
465 346 30
75 238 36
7 242 92
500 252 14
57 28 60
67 433 73
476 491 60
215 125 80
115 168 90
404 307 48
237 89 79
252 348 78
208 341 62
101 388 17
118 362 67
118 496 30
232 278 33
252 486 22
290 262 51
430 3 23
149 98 50
153 412 55
424 491 58
469 116 34
57 200 15
170 45 95
252 13 64
195 465 38
209 97 80
8 322 24
246 263 63
192 235 44
430 163 78
57 118 52
220 224 36
252 189 75
156 284 18
156 245 89
453 151 31
273 124 37
373 227 1
129 419 88
80 399 2
31 157 88
252 455 13
64 63 5
181 249 52
103 252 64
183 19 75
147 361 4
252 203 35
153 469 61
182 13 47
314 329 57
252
442
55
28
106
57
365
14
337
81
268
364
346
253
279
310
359
56
197
362
365
46
273
307
397
481
462
384
315
86
474
379
468
136
244
213
26
334
405
392
79
247
154
438
324
159
227
148
112
34
348
474
317
85
194
25
310
479
282
385
202
246
321
287
232
291
500
105
308
19
269
193
272
497
453
55
475
22
409
303
463
15
300
428
496
26
373
25
477
256
416
215
461
342
286
399
332
283
456
336
11
258
126
432
326
155
155
480
327
217
361
425
333
284
464
475
277
346
407
316
406
14
462
104
381
196
292
363
114
458
23
232
122
185
395
325
50
353
25
437
416
290
210
391
43
286
120
363
278
491
383
67
235
273
117
469
483
474
307
464
0
289
138
224
481
285
496
43
373
360
317
59
378
331
177
176
178
430
178
89
458
109
486
131
172
310
229
57
276
66
295
369
384
396
343
482
151
168
423
74
45
150
483
215
213
500
276
469
384
169
181
381
35
219
305
379
213
496
183
50
162
437
327
412
317
88
290
156
132
212
226
108
237
89
104
354
132
74
22
141
137
494
160
384
475
354
73
312
96
285
40
3
200
392
37
400
249
7
354
330
297
322
467
382
224
300
413
152
312
104
153
236
410
378
140
100
126
26
378
177
226
100
310
412
385
208
424
228
456
412
338
101
80
95
33
177
116
54
267
223
97
154
273
271
375
477
476
386
312
471
438
278
295
115
321
72
475
404
421
153
492
476
442
405
447
89
479
395
23
284
471
466
254
157
104
159
365
318
194
6
188
317
285
16
31
135
322
352
300
130
21
101
308
38
401
173
81
277
35
118
36
370
405
72
88
293
354
28
331
64
382
222
266
215
435
24
28
194
282
302
129
416
5
71
112
446
140
461
494
458
120
190
249
304
280
47
17
7
219
104
132
208
194
138
107
371
289
405
339
133
342
437
427
25
151
30
200
287
432
275
263
146
136
70
353
177
123
448
297
207
271
276
278
283
482
499
89
347
100
129
109
356
400
93
