470
348 437 66
394 408 18
194 198 77
58 165 1
314 36 38
170 72 46
357 347 68
172 404 6
146 201 12
338 57 94
330 381 29
328 50 1
66 408 75
131 149 94
408 170 4
223 408 18
253 408 52
440 361 8
489 393 17
244 285 81
170 190 72
475 269 83
280 209 86
306 413 91
452 408 41
279 408 35
390 97 69
487 468 21
395 408 85
408 392 17
39 395 70
287 408 30
80 58 87
285 168 86
204 213 81
396 264 100
115 408 76
218 88 30
334 408 14
25 204 10
282 46 77
24 325 5
24 197 89
399 143 52
131 231 85
490 240 96
378 108 24
285 468 85
478 408 61
429 60 18
66 369 16
362 435 28
361 390 79
167 455 80
488 313 51
289 301 71
42 371 68
208 283 27
379 200 41
175 102 94
447 214 88
448 349 71
165 203 14
102 157 60
141 227 88
210 2 1
486 17 66
15 260 79
251 84 51
182 142 76
125 374 88
152 341 87
310 408 29
395 267 45
408 113 83
391 48 42
468 378 35
35 113 25
462 96 42
60 119 45
375 275 5
327 42 42
408 287 98
12 393 95
458 408 56
408 478 29
44 165 22
487 379 10
207 102 86
477 286 28
318 231 25
166 100 6
407 25 36
114 350 82
455 38 5
408 53 21
76 86 3
75 101 54
469 345 66
3 103 95
419 327 36
224 121 5
427 193 81
178 309 51
222 47 34
220 232 54
408 374 62
408 428 45
162 408 18
92 102 65
72 470 21
408 209 29
87 386 23
215 308 35
57 447 59
255 6 63
217 365 9
364 258 17
408 458 67
408 1 52
408 358 81
117 24 36
125 45 40
160 361 50
132 426 12
408 138 60
346 449 82
263 471 67
385 417 13
487 52 92
204 495 21
368 258 53
318 351 24
408 113 71
442 342 30
4 408 63
417 185 62
373 13 93
457 15 91
74 27 12
246 62 45
324 6 21
27 14 91
197 408 29
230 89 44
100 455 86
66 81 27
408 352 42
49 381 58
7 451 84
145 125 36
408 219 82
9 441 100
57 439 59
408 385 2
408 366 27
65 186 99
93 454 1
163 413 54
103 405 71
193 105 90
289 244 68
180 128 26
442 242 78
275 164 80
288 408 85
408 291 75
143 408 39
62 188 9
309 11 45
245 408 38
335 371 79
170 322 20
114 408 81
177 391 26
82 408 33
251 408 26
498 367 75
109 196 20
380 455 63
247 115 56
276 14 34
79 408 25
453 257 93
104 175 82
229 453 85
110 26 83
298 454 44
352 443 15
408 271 11
7 408 56
183 28 80
408 377 46
474 408 4
202 154 93
244 267 24
191 185 76
364 32 44
456 444 51
229 232 25
341 124 94
420 372 8
75 144 47
145 244 5
280 408 35
18 141 91
53 497 81
238 221 10
184 411 22
394 56 69
230 408 5
7 114 28
245 60 27
435 373 65
408 433 45
344 296 53
408 147 20
408 92 17
385 36 72
101 295 30
492 278 67
368 481 70
137 54 16
401 140 81
240 345 17
210 407 98
168 26 95
73 408 37
408 173 60
103 300 57
409 419 28
408 56 99
419 46 95
408 380 1
408 308 89
124 335 78
177 243 16
244 344 81
301 22 6
143 269 93
408 131 61
183 65 37
359 94 62
156 456 54
295 70 76
130 25 3
408 392 79
392 59 13
310 408 25
405 226 33
167 408 75
408 261 75
25 408 9
198 494 59
331 196 88
305 179 51
408 200 14
122 500 67
282 41 3
348 245 4
343 408 85
488 408 89
399 322 70
327 193 51
0 408 72
289 218 34
477 382 50
250 497 21
79 176 10
363 323 86
477 224 50
331 408 47
420 322 31
472 115 91
367 483 7
280 275 17
408 17 18
161 80 91
191 408 72
219 275 9
399 323 46
368 418 99
491 465 22
180 207 40
302 51 56
29 242 29
406 408 84
145 335 21
202 301 49
374 481 47
473 13 57
308 280 58
320 166 32
87 472 2
408 340 35
119 457 62
20 373 39
445 408 3
408 183 35
484 342 89
171 65 84
410 408 9
172 419 12
255 325 18
399 293 57
231 97 40
185 19 81
74 163 41
285 225 65
399 138 43
408 426 17
173 53 97
285 41 61
236 394 8
210 13 35
498 371 35
492 222 24
153 425 45
35 309 75
11 332 44
42 408 19
8 431 48
77 408 63
48 270 43
86 408 92
347 2 49
189 190 62
337 191 74
65 362 53
16 160 61
384 381 44
304 82 43
426 352 39
451 0 88
235 364 36
39 498 79
145 131 62
383 408 64
235 408 52
482 269 71
479 284 48
52 58 15
235 145 33
384 368 29
43 329 7
256 287 12
54 408 74
409 461 100
243 283 6
493 389 14
26 49 51
411 89 19
65 74 11
380 408 16
160 83 56
322 278 91
76 157 11
56 474 32
182 217 81
85 348 30
143 408 64
146 351 65
453 333 52
257 165 9
200 242 55
408 51 30
382 408 29
260 130 26
420 408 47
94 153 63
471 189 62
471 208 75
133 307 73
408 219 22
249 459 60
194 305 47
74 83 64
240 120 48
106 284 28
322 500 4
314 373 44
231 466 35
497 299 46
443 477 38
96 448 74
145 122 20
240 488 88
445 348 100
408 410 37
221 164 28
319 408 18
408 106 54
372 360 4
73 159 20
406 280 95
382 216 23
111 219 100
323 43 20
165 437 77
285 35 60
481 227 27
90 146 24
355 379 77
408 458 42
408 189 99
218 430 72
417 231 79
405 164 21
453 408 4
329 304 43
360 34 80
35 408 6
408 419 78
149 479 4
121 219 53
408 421 92
361 188 99
85 408 37
442 408 5
408 289 39
408 467 93
80 72 46
303 31 54
181 447 78
368 334 1
360 2 95
137 190 74
319 359 54
307 386 49
220 17 44
106 196 18
63 17 7
151 408 60
65 272 35
401 297 6
83 477 68
315 339 51
193 477 14
134 169 61
48 385 10
391 406 29
122 249 15
408 108 68
408 25 73
475 327 75
297 238 37
7 365 87
317 465 13
224 372 44
188 431 9
210 389 45
50 30 67
12 361 5
95 101 78
384 454 3
49 222 92
22 330 57
408 258 30
339 16 67
55 122 33
477 156 82
283 11 84
62 367 2
115 147 63
84 323 4
172 385 63
341 367 99
106 76 87
230 484 52
360 267 64
408
335
73
285
397
250
271
20
45
196
448
67
469
425
315
387
218
326
78
58
319
339
310
484
472
456
266
198
355
93
247
214
268
363
254
156
432
332
374
223
388
31
304
309
42
431
188
224
449
245
255
302
55
246
472
98
169
168
485
455
168
401
54
305
188
81
51
213
88
56
129
13
313
403
67
419
102
202
198
242
358
494
263
380
206
107
432
214
428
114
445
84
137
124
59
153
286
169
169
67
235
237
358
365
148
474
121
494
363
212
24
97
362
78
151
315
85
490
479
59
230
381
320
154
227
328
357
40
361
455
0
488
31
21
30
357
374
104
251
251
310
44
477
262
123
252
398
294
84
484
17
313
345
362
492
103
275
179
457
128
139
297
460
220
402
199
351
364
345
455
313
362
452
154
134
452
415
173
473
139
318
84
470
374
232
411
369
299
324
482
428
83
2
47
23
131
92
483
155
466
405
396
374
180
445
402
78
78
464
31
46
346
0
404
375
179
47
39
92
95
103
125
317
160
329
57
114
32
234
186
445
155
495
70
314
319
421
50
93
295
148
71
240
196
156
118
471
321
54
354
162
118
113
412
198
174
496
116
71
162
332
217
406
157
387
215
316
488
352
231
296
31
248
263
295
250
477
78
477
396
30
260
66
80
353
327
56
166
27
43
306
306
334
435
112
303
35
97
101
263
232
356
191
11
390
296
291
376
130
133
116
221
77
7
25
466
468
243
412
154
299
392
127
46
226
144
379
19
23
423
112
65
372
177
126
154
337
