18
327 110 86
93 105 17
357 127 88
197 141 9
314 398 16
230 376 94
294 57 23
451 392 62
442 390 46
230 337 9
332 201 72
10 106 54
355 230 68
364 410 21
400 387 80
85 152 95
320 59 28
100 136 20
230
177
222
141
415
22
100
482
281
414
272
212
400
447
140
391
439
145
434
365
80
295
287
287
17
434
323
104
443
415
10
281
83
421
178
239
181
301
52
115
452
296
12
157
90
185
26
461
145
478
464
485
219
409
377
57
457
425
45
300
450
264
374
222
489
500
310
100
85
202
269
173
345
166
422
416
1
251
490
72
213
302
68
167
481
252
382
470
262
340
136
135
431
104
195
100
185
345
63
240
117
418
134
210
395
127
316
370
497
492
268
494
164
342
495
318
183
324
423
347
28
442
374
390
121
272
345
498
117
330
440
17
497
477
369
124
106
233
352
209
280
208
160
484
390
405
134
366
60
269
100
100
263
404
226
477
495
206
208
337
61
478
192
141
5
247
12
91
429
178
305
160
163
36
316
378
309
407
190
