288
252 390 78
50 461 5
467 439 40
338 153 31
298 121 3
151 362 11
385 347 85
153 322 71
336 140 94
344 500 44
280 385 1
324 343 69
223 153 50
496 153 18
54 356 24
147 264 69
71 249 46
166 153 47
162 310 40
88 153 16
329 58 78
31 488 31
393 153 38
51 206 7
153 367 20
273 407 76
23 157 26
207 87 20
26 153 70
413 430 48
265 238 14
407 402 22
365 143 51
176 483 23
153 164 44
340 15 49
224 153 16
153 478 37
89 144 35
106 223 35
153 226 32
380 142 17
295 439 84
247 393 21
153 17 63
465 126 10
468 153 55
153 263 81
350 116 94
266 153 48
377 386 45
153 51 9
189 335 43
154 207 24
494 499 28
490 153 65
304 123 55
25 335 19
290 153 24
114 38 77
121 48 72
485 114 97
461 377 20
495 413 91
180 73 84
205 265 94
3 95 70
292 87 65
135 60 81
202 337 79
72 347 36
486 356 95
446 8 4
77 82 66
132 153 71
288 402 66
163 466 26
45 17 8
42 63 60
250 378 26
179 205 81
166 153 50
105 93 71
359 140 87
467 153 5
153 53 51
467 211 8
97 137 45
153 320 57
153 183 68
24 370 9
153 415 70
36 234 8
109 368 59
190 144 27
88 431 100
330 456 83
154 294 44
265 487 86
287 153 7
45 228 73
25 284 94
278 385 25
177 196 51
268 415 100
397 259 35
153 93 74
419 193 75
295 153 58
136 153 16
248 119 86
489 282 54
448 478 62
126 142 25
414 232 96
31 88 81
73 116 52
353 17 8
481 341 75
153 482 89
90 321 19
499 292 57
419 245 90
153 338 37
241 494 54
254 98 42
348 411 75
153 375 39
150 221 76
112 344 24
353 361 5
81 457 100
59 260 71
311 398 63
125 489 84
391 19 45
349 53 90
47 153 13
236 32 52
418 153 98
128 146 90
481 373 31
172 321 87
110 252 28
406 337 22
5 44 5
492 313 78
497 48 44
140 0 34
75 89 75
413 26 28
14 484 86
441 16 47
360 362 14
478 297 35
337 80 30
202 417 61
165 153 63
107 432 57
136 463 46
29 406 79
65 283 27
474 280 96
153 470 27
261 349 43
153 309 24
153 67 21
350 297 19
268 486 95
359 472 14
153 461 63
153 358 85
114 396 61
232 450 69
54 153 8
178 153 96
0 31 85
44 306 24
84 153 83
499 45 42
106 478 14
448 276 66
311 95 26
374 89 29
191 153 22
423 318 100
205 153 75
462 200 3
190 447 39
153 381 61
70 298 16
232 277 23
275 295 85
286 446 22
163 55 26
200 438 50
342 413 79
263 220 11
153 383 24
120 27 26
425 53 82
305 246 77
472 177 92
227 500 20
179 111 32
91 204 59
284 193 4
171 218 6
392 318 21
372 377 88
278 492 80
481 153 76
497 58 35
211 182 69
20 435 95
137 338 23
153 259 40
464 357 6
199 430 74
153 236 100
157 270 93
153 22 63
199 458 3
281 119 19
182 468 5
60 447 29
1 89 26
488 263 39
129 277 79
393 23 39
279 344 99
287 390 48
360 181 72
319 272 94
475 173 74
21 35 92
255 195 81
146 488 19
383 346 60
221 294 36
334 177 69
434 492 8
376 214 78
18 160 61
273 417 75
153 86 66
241 104 1
143 423 91
242 189 84
337 480 100
428 224 39
372 434 87
470 331 9
84 73 35
167 174 92
493 103 50
9 312 16
193 386 36
361 226 39
264 179 68
341 220 6
174 66 100
278 394 48
499 163 5
76 63 61
153 87 96
230 201 73
385 94 49
153 181 5
173 370 11
492 120 67
322 18 21
351 178 53
9 272 95
268 401 52
101 153 43
132 261 92
67 259 78
389 496 52
172 414 20
23 432 94
430 372 59
476 11 66
153 254 47
319 153 41
271 371 52
202 498 2
184 421 66
153
377
309
243
452
204
254
429
347
137
464
384
155
239
431
65
270
252
466
464
53
339
425
459
191
101
251
449
177
348
205
489
390
362
303
92
384
293
15
453
491
417
238
304
316
195
69
394
371
370
456
60
150
264
447
423
137
321
431
207
386
318
386
286
216
345
131
484
29
306
40
431
213
65
119
92
127
437
164
233
82
8
2
177
104
420
352
123
266
36
304
77
54
235
42
102
151
481
495
140
477
187
138
262
218
451
270
283
240
432
302
237
377
286
89
29
460
409
382
444
354
493
138
293
44
445
253
45
109
399
47
260
363
486
117
349
483
26
454
448
427
271
306
496
288
477
17
400
438
387
418
127
68
446
496
165
299
387
22
204
161
198
401
221
482
457
75
73
216
137
166
343
186
226
224
258
189
384
109
453
208
77
477
382
396
115
348
56
216
40
109
54
499
126
65
448
238
280
394
393
76
386
458
184
207
206
290
327
17
170
488
254
252
493
85
65
97
44
189
39
368
25
365
223
95
485
181
174
141
455
159
279
454
187
303
249
0
313
488
389
183
405
469
110
223
60
58
78
343
338
201
478
131
221
196
64
65
393
464
143
114
452
459
426
26
267
120
97
474
352
320
22
313
264
4
429
226
337
194
224
368
76
261
377
239
25
199
245
472
58
356
231
123
236
305
176
376
446
115
199
164
310
342
464
439
72
172
277
168
426
102
425
249
249
352
197
320
164
424
214
418
83
163
139
427
97
252
212
150
353
196
432
474
267
459
5
24
134
333
17
15
9
213
210
11
95
88
250
59
389
459
163
121
230
430
24
201
291
473
268
111
250
206
414
208
111
256
105
103
76
492
216
71
189
204
142
354
117
28
