267
132 89 54
163 226 72
193 401 50
250 419 50
335 235 39
339 109 77
445 389 44
303 342 56
186 252 82
153 295 25
13 463 60
20 230 1
37 301 48
335 193 88
392 1 42
358 466 29
144 276 60
19 46 92
500 120 66
300 335 70
460 115 81
454 376 10
164 407 42
276 354 27
276 37 30
55 415 56
102 371 93
330 271 51
40 361 8
133 257 13
55 370 35
276 493 46
455 382 79
377 276 11
90 155 61
354 29 46
456 482 86
200 391 58
307 18 5
429 337 63
148 439 49
88 243 39
22 225 21
142 297 16
499 276 62
391 223 4
345 286 35
84 463 72
489 369 44
184 209 58
302 276 51
104 261 65
92 407 30
100 276 33
244 240 80
341 340 11
199 338 16
3 263 82
394 404 53
433 247 73
157 91 80
380 26 76
144 286 10
276 51 77
15 276 65
426 102 66
277 387 54
305 128 67
138 414 64
429 73 80
407 306 94
59 401 50
409 35 80
400 104 44
276 351 34
493 392 1
188 389 71
398 303 71
38 325 21
62 315 38
213 120 94
438 467 72
359 487 51
276 76 88
276 110 51
41 432 18
379 451 32
263 65 91
491 326 63
387 144 53
51 276 55
153 432 36
216 390 81
113 397 23
240 49 67
480 256 20
151 276 63
178 276 90
195 257 10
73 360 80
431 491 88
145 488 81
260 173 60
330 406 93
319 500 52
210 454 74
147 239 50
276 356 21
385 401 73
294 124 88
461 117 35
491 419 99
367 192 36
77 424 25
117 230 56
161 31 2
366 374 30
253 11 57
276 333 70
417 246 53
255 329 72
377 303 74
6 456 100
354 276 50
276 3 39
383 254 10
419 383 21
12 276 41
317 285 62
125 394 57
27 389 92
9 276 62
245 181 52
192 427 75
17 42 80
276 419 69
35 444 58
203 6 50
206 107 98
407 233 52
154 38 51
387 237 74
350 183 14
490 313 56
168 90 27
451 248 41
51 163 83
276 298 74
214 65 15
39 180 76
317 165 82
276 467 57
178 340 87
170 359 87
270 424 89
44 75 86
430 118 55
60 170 88
189 238 39
371 418 17
194 86 91
124 410 13
359 276 80
285 53 19
288 144 32
154 204 12
339 119 70
459 398 51
460 276 86
318 276 34
173 121 6
220 142 37
276 441 16
309 405 13
197 439 35
445 310 44
153 276 5
451 262 15
30 421 86
57 173 38
80 391 69
33 23 26
195 8 19
79 222 6
148 498 90
351 409 66
394 311 37
276 327 95
276 401 25
238 406 19
327 191 39
302 491 53
229 384 51
326 46 64
167 248 82
452 209 35
199 276 66
448 247 89
326 427 91
275 171 94
395 373 90
269 77 69
398 188 18
88 276 34
309 229 3
246 161 70
273 366 45
287 311 23
44 276 38
255 90 24
462 414 79
276 431 43
149 413 20
415 276 69
230 312 32
1 419 13
166 260 76
114 369 40
292 412 85
353 108 7
249 76 10
261 16 26
148 469 70
165 379 93
390 290 51
268 52 77
224 35 67
353 362 92
134 144 38
481 276 61
58 297 7
461 493 75
241 477 50
481 7 47
322 317 41
241 340 84
480 326 56
155 271 80
246 390 25
395 46 90
481 251 63
428 493 58
276 445 84
341 106 73
159 264 47
296 171 56
441 336 71
276 13 18
389 153 18
276 260 60
276 16 6
276 368 14
221 152 17
6 445 54
343 140 19
305 196 62
418 276 16
266 397 69
117 172 23
282 383 66
312 175 85
340 238 36
276 447 58
170 47 75
47 457 99
464 174 55
430 428 6
276
297
164
371
162
145
249
360
330
66
344
482
368
360
181
255
290
321
289
305
288
33
301
417
67
182
241
230
478
479
457
100
367
79
15
499
295
302
191
377
461
229
328
327
238
311
333
371
79
357
356
394
71
166
466
155
330
61
162
419
69
20
230
429
362
71
173
439
339
462
113
318
457
272
6
85
450
129
41
174
98
421
338
474
268
390
261
494
446
234
404
98
217
497
109
313
252
436
430
387
485
148
260
19
414
497
230
232
126
359
207
85
305
449
49
209
48
167
132
233
297
138
141
165
473
395
480
430
424
229
486
189
233
395
310
441
338
468
386
34
169
402
280
388
34
395
80
335
49
289
94
375
285
184
431
189
212
401
419
367
113
321
382
353
463
381
377
13
262
118
47
184
455
218
302
191
451
225
464
493
421
396
447
91
415
336
234
43
58
214
375
19
41
181
426
157
331
104
259
344
391
388
121
61
149
89
248
457
429
192
32
128
202
487
391
354
64
263
364
495
176
246
400
164
229
415
4
22
279
77
110
365
437
211
213
302
115
191
353
69
258
243
473
218
109
83
202
338
107
47
118
134
236
79
424
121
20
397
420
265
436
171
320
288
230
109
33
335
69
468
474
63
224
186
127
354
304
341
116
258
423
75
49
103
380
391
253
155
53
428
492
115
191
332
443
414
140
133
354
