132
355 193 75
335 0 7
305 37 22
454 480 80
334 182 41
366 215 17
441 268 60
441 374 41
381 441 100
90 214 88
473 497 37
86 23 54
107 206 31
430 441 42
46 483 75
377 220 45
441 394 47
38 360 17
261 186 63
101 209 80
86 468 73
422 490 74
200 387 51
126 42 25
136 356 43
211 62 8
294 317 68
320 259 57
477 441 44
199 47 18
162 218 81
61 171 53
478 298 6
441 99 80
84 491 88
71 379 74
458 281 53
495 58 94
376 441 34
239 235 77
361 434 52
260 379 71
441 307 26
60 484 22
164 244 72
64 320 39
102 170 16
282 441 45
441 124 34
192 441 97
38 441 86
220 316 1
155 23 84
65 61 91
441 335 79
441 30 62
378 498 72
347 117 13
9 33 28
295 183 32
442 223 87
441 390 22
44 129 40
218 221 31
441 246 72
187 441 33
54 446 55
334 217 92
317 344 46
202 419 20
441 283 58
474 151 95
223 258 84
358 55 74
18 473 58
244 189 3
441 416 80
441 409 50
39 223 54
25 434 16
443 426 88
24 463 38
184 343 32
21 142 83
80 108 58
297 266 6
483 239 96
198 332 33
202 441 34
188 441 8
2 1 54
355 377 56
79 306 21
262 306 63
218 348 75
95 216 80
441 149 12
13 410 4
29 187 38
205 283 25
441 302 5
18 358 84
441 381 68
457 62 91
249 441 67
362 386 43
138 374 46
0 124 7
16 141 19
44 222 21
286 386 38
161 302 25
336 294 60
415 189 48
193 383 72
313 441 87
130 441 12
438 168 44
461 489 17
441 239 7
351 68 74
28 176 89
441 369 3
489 413 27
417 414 53
403 301 26
19 143 96
58 408 71
369 387 83
406 434 85
478 226 35
184 463 28
441
43
469
96
107
380
416
57
61
63
430
257
16
81
283
487
203
56
176
418
88
340
134
267
319
313
255
245
467
34
4
187
439
472
0
339
473
373
369
172
439
66
414
430
215
