253
78 434 77
305 351 97
214 305 47
137 110 60
200 201 86
27 340 68
129 305 17
349 43 41
60 115 38
82 23 82
373 298 84
109 96 99
477 433 99
380 44 74
439 80 55
491 393 94
94 473 37
59 279 86
419 208 15
126 325 16
477 102 26
398 305 75
172 185 73
400 326 57
209 392 43
50 492 25
332 329 78
187 339 6
466 443 81
252 14 98
343 277 89
385 383 73
213 444 83
498 384 62
408 184 26
305 319 19
395 330 48
173 119 91
329 129 8
191 324 82
305 45 20
90 89 66
111 316 90
329 497 53
65 433 49
366 31 41
103 31 10
50 304 21
220 428 5
450 295 94
450 260 100
305 456 8
305 96 76
321 75 86
305 368 16
151 378 85
74 398 13
128 482 45
26 330 66
120 154 63
478 305 18
314 89 92
381 193 10
283 17 13
233 404 11
308 305 67
298 157 5
305 472 100
409 263 51
500 90 51
293 495 58
54 353 13
305 460 28
331 274 52
305 494 8
14 460 68
363 312 14
158 178 9
151 305 78
291 200 65
142 190 89
465 274 83
337 250 28
253 455 1
273 5 82
259 327 16
357 313 43
86 413 72
305 179 75
220 451 10
374 427 8
235 399 32
140 103 46
113 185 60
305 61 39
303 305 2
173 243 54
305 476 33
56 414 33
83 209 23
435 165 80
207 358 55
305 273 90
139 168 88
103 91 93
65 305 79
35 397 70
357 249 66
58 305 9
362 492 4
306 340 41
305 34 64
17 155 9
390 198 53
224 412 89
182 96 99
107 305 71
56 424 80
205 435 30
384 25 46
146 440 66
314 141 36
54 466 58
118 13 13
104 305 36
305 195 10
471 201 38
355 8 88
87 296 83
73 178 67
409 345 56
256 40 80
254 274 31
233 65 67
377 494 78
353 476 89
305 457 13
340 408 39
458 227 35
88 72 15
330 382 61
58 278 3
85 375 41
449 391 46
177 198 85
192 151 45
332 159 54
39 302 70
335 328 70
305 138 45
160 326 82
203 284 77
334 223 16
72 46 33
493 268 43
305 83 46
171 253 27
372 461 8
27 178 96
439 469 84
305 99 87
59 305 79
142 199 76
356 159 85
392 67 14
305 191 5
370 305 95
467 100 11
305 363 79
328 316 8
239 58 45
392 305 63
125 401 43
229 490 22
457 305 25
305 252 100
74 25 28
343 302 61
338 120 82
176 157 93
395 99 67
263 91 97
140 305 37
195 464 19
137 186 6
287 305 95
378 297 78
388 270 1
100 157 93
220 60 11
337 13 90
8 431 52
433 32 65
336 305 72
305 456 99
215 123 17
70 242 16
262 24 18
148 408 69
180 467 48
387 318 89
266 261 3
235 430 66
207 387 35
89 228 33
122 305 18
63 378 53
363 5 10
323 236 88
103 305 31
395 244 42
55 305 23
305 5 32
305 225 85
152 499 22
37 145 42
281 305 70
340 480 78
499 477 28
81 376 88
276 452 6
305 292 35
149 191 19
457 73 57
120 305 14
100 24 40
305 24 79
305 412 85
427 305 15
280 346 34
491 423 17
39 94 7
418 57 48
318 26 84
291 19 3
257 406 14
256 181 49
293 31 82
323 328 53
140 305 24
305 416 38
127 305 64
41 147 68
94 254 55
367 429 47
41 305 65
305 317 74
277 401 32
264 281 76
465 409 55
318 443 53
498 399 69
172 45 24
305
120
164
39
59
396
139
404
432
398
189
499
242
296
388
494
493
480
338
38
96
2
495
264
329
119
122
281
471
388
496
31
251
449
278
416
431
205
471
436
292
75
72
103
39
129
191
238
283
40
90
390
107
153
399
286
150
80
149
151
33
163
460
30
256
411
482
466
494
394
87
106
359
246
216
291
123
281
338
389
217
367
159
286
204
445
257
19
228
210
351
149
255
342
255
464
490
27
427
352
281
386
243
168
309
139
261
60
466
165
438
224
204
41
160
259
290
63
311
207
179
30
