67
259 298 52
97 301 1
170 188 68
229 296 25
333 193 68
96 464 39
180 206 90
124 226 51
176 188 48
30 53 29
13 486 6
428 81 54
99 245 69
336 3 31
444 122 1
421 187 74
253 302 3
327 158 31
379 466 31
70 193 48
440 31 47
85 146 52
73 210 37
13 43 55
243 451 10
4 188 43
307 284 91
373 132 75
84 333 62
66 120 39
96 188 88
422 119 68
401 60 18
148 36 61
324 188 59
50 188 95
54 387 66
52 306 90
283 452 20
118 106 94
431 184 60
146 188 31
78 476 50
484 164 11
188 322 76
316 277 56
63 479 57
382 282 79
51 287 8
309 90 47
59 188 88
422 69 30
49 188 65
74 430 21
188 28 67
44 498 44
161 8 28
188 337 34
93 188 25
325 461 67
188 225 48
68 308 66
188 482 3
188 492 62
64 76 48
191 111 80
306 130 2
188
35
446
194
115
94
153
40
297
294
329
160
276
143
192
425
241
221
42
172
150
211
39
21
250
109
102
390
491
473
292
28
195
491
106
292
160
