64
401 74 72
204 223 23
462 269 50
32 479 96
479 162 47
36 23 81
300 143 66
115 141 87
186 440 82
352 115 9
311 363 98
479 343 29
448 53 75
439 479 67
170 7 52
376 388 48
437 261 40
257 282 6
310 330 17
453 332 29
122 184 76
50 39 52
338 357 88
11 438 1
120 479 3
466 141 24
170 228 83
35 459 66
270 230 27
485 163 79
479 369 2
248 15 6
454 151 86
167 479 36
249 479 13
277 487 18
374 493 62
423 492 67
455 329 19
64 333 94
156 322 67
412 479 93
54 205 70
479 60 69
190 424 99
341 479 9
203 410 86
479 131 28
82 2 16
287 59 21
449 479 61
499 320 47
322 482 49
22 106 15
58 145 11
153 312 15
218 52 92
238 479 16
364 479 5
394 126 71
421 312 1
60 379 3
266 223 62
321 44 32
479
81
111
66
54
125
64
379
379
281
422
219
150
368
408
284
408
320
142
273
246
353
448
332
1
157
232
353
378
320
370
143
496
437
170
454
185
451
225
72
80
8
286
463
197
446
159
54
255
24
26
167
422
30
108
50
103
189
174
382
175
202
107
390
114
262
310
161
397
388
236
68
226
278
9
406
228
218
72
462
128
100
355
